1
293.3224,150.0550,47.3266,148.5343
293.0881,150.6204,49.9468,146.7513
292.9779,152.0791,51.6089,145.5578
293.3647,152.6287,52.8028,145.4729
293.2547,153.0100,53.2575,146.0421
294.2030,151.8035,53.3348,144.9371
295.2275,151.4920,53.1423,145.3019
295.9864,151.6972,52.6007,145.6724
295.7580,151.6088,51.9428,146.9937
294.6730,152.2057,51.6620,147.3417
293.2327,153.4997,51.3841,147.2865
291.6475,152.6340,51.2222,147.9420
289.6677,150.2227,51.3287,147.7118
286.7224,150.3243,51.7050,147.6006
284.7635,151.1069,51.5887,146.9044
282.2282,153.2379,51.4309,146.9771
280.6614,153.0226,51.7222,146.7164
278.4372,154.9516,51.7657,147.5038
277.0366,154.4159,51.9285,148.2029
275.1713,154.1202,52.0487,148.6858
273.3890,154.4553,52.4762,149.3232
271.8365,154.5033,52.8765,149.4633
271.2157,155.8103,52.5605,149.2293
270.6189,156.9759,53.0442,147.5817
269.7047,156.8560,53.4891,147.5342
269.0068,157.8068,53.3691,147.5442
268.6624,157.8045,53.1542,146.4393
268.0999,158.1077,53.0502,145.7446
267.6634,159.5318,52.5812,144.3753
266.8253,160.5277,51.9464,143.3005
265.9583,161.9329,51.0059,143.3045
265.5217,162.4557,50.3990,142.0904
263.9579,161.8229,50.3308,142.9471
262.6318,164.1134,49.8277,144.3831
261.5157,165.2205,49.3428,143.7228
258.9960,164.2238,49.7882,144.2732
258.4141,163.9987,49.3638,143.4932
257.1106,166.5548,49.6672,142.7711
255.0799,165.3181,48.9789,141.0573
253.5910,166.7781,48.3906,140.7522
251.9850,165.5387,47.9847,140.6721
251.3016,166.1989,47.5552,138.6209
250.5675,166.3181,47.4673,138.3588
251.4949,165.4919,46.8070,137.9351
251.8566,165.6965,47.0612,137.9355
252.2602,164.2371,47.4015,139.1177
253.8134,162.5494,47.6038,140.2869
253.8058,160.8919,48.0292,144.5821
253.7241,161.1546,47.8954,144.7439
252.2882,160.3661,48.4062,147.0232
250.1617,159.4601,48.6488,147.8610
248.3409,157.5805,48.9981,148.6668
246.9313,159.9800,49.1997,148.1560
244.6996,158.6999,49.7659,146.5159
243.5150,150.5198,50.7420,148.8453
242.4228,154.2702,51.1571,149.2263
229.5270,148.7976,54.2784,151.0352
229.9174,144.9335,54.6928,153.2236
231.3326,141.4699,55.1696,156.1932
234.1883,139.8018,55.8610,157.3420
237.0599,138.0549,56.3086,157.7200
240.0036,138.8673,55.6114,158.4732
241.8821,140.6879,54.7723,157.7215
243.1256,143.8969,54.2279,155.0004
243.4585,143.3207,53.3887,154.2849
243.2740,142.8754,52.3347,151.9453
242.5046,147.4770,52.3140,150.2398
242.9261,146.8396,51.6903,148.3519
243.5999,144.4510,51.5755,145.9343
244.0157,147.0999,51.3957,145.2120
245.2733,146.1222,50.8817,144.3032
243.9846,148.3601,50.9024,144.4826
244.6716,148.4621,51.2780,146.8889
244.2803,147.8092,51.6053,147.5423
244.5236,144.9962,51.7130,147.5486
243.3218,145.3575,52.1549,147.0019
243.5848,142.4722,52.8269,149.0802
243.3400,142.0972,53.4402,148.8455
244.7054,141.3799,53.2267,149.3127
245.1935,141.3637,53.0348,149.9581
245.2222,141.7810,52.7035,149.0514
245.1905,143.1049,52.1325,148.2239
244.9210,145.6177,52.2012,148.0131
246.0149,144.4148,51.5946,147.0763
246.2755,145.3147,50.7573,145.8840
246.9761,145.6091,50.3025,143.9018
248.2153,147.4257,49.7666,142.3593
249.8907,146.1908,48.8180,140.6764
251.5920,146.0139,48.7115,140.0143
251.8329,142.5757,48.7947,139.4340
252.7957,143.1683,48.9328,140.0697
253.6332,142.3056,48.6163,140.2931
254.4995,141.5547,49.1060,142.0650
254.5184,141.5489,49.0689,143.4863
255.2579,139.7896,49.3115,144.1879
255.4171,137.2308,49.5747,144.3091
256.5663,138.4381,49.9471,143.6954
256.6151,139.9783,50.4092,143.2551
264.0902,141.8564,49.1504,142.6221
262.6487,141.0626,48.7830,143.2541
262.6652,140.0631,49.4142,144.6670
264.8754,140.1025,49.0910,144.4293
273.8031,142.0372,47.7596,143.5945
273.1873,139.6742,46.4011,140.2648
280.1573,135.1602,45.7189,142.3097
242.2470,83.3268,50.4434,146.5826
250.1215,75.7325,54.4445,152.9780
250.2704,71.4949,57.6325,157.7294
260.3751,67.9347,59.2884,163.1264
261.0249,69.5793,60.3020,167.6919
264.7351,69.9536,61.6221,170.6201
269.7245,70.3511,61.7969,174.2732
271.8697,78.6299,63.4157,179.0325
275.9191,75.4785,65.0177,179.3328
287.2919,76.4856,65.6478,181.6398
288.1187,74.6963,67.9131,181.7836
300.2627,70.0607,69.2859,182.5661
300.6059,76.4497,71.1834,184.9356
314.5829,68.7144,71.8125,185.9329
325.4261,68.7984,72.5915,189.1931
327.1731,69.9957,71.7808,188.0279
2
0
0
0
0
1
281.3418,149.8803,44.0218,100.1618
279.2207,150.4110,45.6273,102.7776
278.0009,148.3418,46.9302,104.9954
278.1799,147.9949,47.7865,106.8772
276.4637,149.2273,49.1926,107.9460
274.2467,146.6377,49.9575,110.5945
272.7771,147.8671,51.1336,113.4352
271.4321,146.9056,51.8367,115.2894
271.2520,146.6420,52.0492,116.7045
271.2314,146.2724,52.2384,117.6257
270.4047,145.7767,52.5343,119.1519
270.3578,146.6608,52.8264,119.5165
269.2522,146.3539,52.8755,119.6963
268.4871,146.7812,52.5792,119.4806
268.0399,145.2005,52.8598,119.1818
268.2202,147.2355,52.0539,119.2458
268.7591,146.2952,51.4877,119.7853
268.5822,144.1678,51.3849,119.5780
269.5233,143.5183,51.4611,118.5939
270.7555,143.8362,51.4622,118.4772
271.8881,144.0321,51.3527,118.3423
272.0292,144.2137,51.3424,119.2785
272.8006,144.3775,50.8809,120.9474
274.0911,146.8552,50.7937,121.9306
275.2901,151.7576,50.8540,120.8826
275.6990,156.0066,51.4180,121.1662
276.6982,159.2437,51.6581,121.9328
276.1539,163.3221,52.1883,121.7049
276.7657,156.3062,52.3003,122.6824
276.3403,161.0914,52.7298,123.1953
277.1366,155.3814,52.2929,123.4549
276.5272,159.1309,52.4790,123.8984
276.2733,152.9952,52.1969,124.3294
277.4092,157.0921,52.3005,125.8606
268.7565,148.0207,52.3935,127.2962
269.8084,150.3825,52.2523,128.6398
271.3474,155.6611,52.1342,129.1471
272.6157,159.4449,52.4505,131.3850
274.8147,153.2247,55.2567,126.8971
277.9103,158.4475,57.1984,122.4189
268.8841,161.0865,58.1198,122.7612
272.0830,163.9733,58.2646,123.8141
286.8570,160.3585,59.9026,119.4439
289.2780,158.4038,60.0768,116.0021
290.1706,165.2984,61.1998,113.0472
291.6443,163.5848,61.0319,109.6382
292.6633,168.1526,61.1311,108.8813
291.8291,163.0948,60.7210,108.1064
285.9135,162.5508,59.5268,111.3010
288.3979,164.7919,59.5144,112.9151
280.0382,162.9898,57.9668,115.7195
281.8394,161.7901,57.5944,118.2740
283.3724,162.2505,57.5451,120.3251
286.4706,164.2034,56.0225,124.7338
288.2685,156.9716,56.9241,123.3026
291.5668,161.3401,55.4287,124.7029
294.7861,164.5044,53.6759,126.6946
296.9492,168.5821,52.8637,127.8898
299.0295,161.9252,51.6954,127.1337
300.6960,167.2384,50.7487,127.9070
300.2659,163.5258,51.3460,127.5800
300.6384,169.3710,51.3717,127.2445
300.3660,164.6297,51.8774,126.4355
292.6564,169.1621,51.3425,125.3925
295.3729,160.9430,52.0727,125.1245
298.3907,159.2213,52.3267,127.4179
299.6800,161.9115,54.0340,128.5791
291.8915,161.2384,54.7652,129.9995
294.2233,161.8093,58.0774,127.7345
285.7576,159.5354,57.1220,131.7572
288.5211,166.7513,57.7293,136.2338
291.0599,165.6281,58.6459,138.8181
292.3511,163.6783,58.6382,141.2284
284.2360,162.8759,57.6795,143.0705
287.2536,161.8524,57.4861,144.6919
301.9223,144.6194,61.4519,144.2937
290.9563,157.2438,59.8731,148.2496
291.6093,156.8612,59.4282,151.1851
292.5441,155.9507,58.7331,154.6928
308.2509,140.4390,61.2860,156.5590
320.1039,128.5829,63.2544,157.2404
320.5744,134.7810,64.2645,155.9091
321.1772,138.7135,65.2107,156.2719
320.2574,145.4480,66.4041,157.8047
319.2792,149.2462,66.9846,157.3263
317.1126,151.3511,67.4687,159.6940
313.6752,154.1523,67.2827,160.0240
312.3495,156.4603,66.5869,158.0259
309.7912,159.7272,66.4772,154.6870
296.1707,156.3380,67.5877,154.2721
294.5250,156.6294,68.9721,154.4643
292.6333,158.2726,69.9232,153.1967
276.2932,146.8269,71.9525,150.0102
261.2365,129.5620,72.6451,153.0398
249.1958,122.2282,71.0626,156.0119
240.6664,115.1719,67.8824,156.6273
240.9813,118.8060,66.6205,157.5692
2
0
0
0
0
1
315.7168,169.1042,57.7666,140.0446
317.3728,168.3363,57.7459,141.2323
318.9279,168.5012,57.6897,144.1613
322.1109,169.4577,58.3706,146.2144
324.0633,167.3742,58.3560,147.5175
324.5394,167.6616,58.3479,147.8295
328.3819,167.3634,58.7931,150.9910
329.3395,169.0708,57.9529,148.6286
332.3054,171.1185,58.8111,150.7612
332.4840,170.2216,59.0253,148.3946
335.2851,170.5290,59.4361,149.4577
335.8278,172.3845,59.5086,146.5232
338.2104,172.8844,60.1060,146.6915
339.0984,174.1609,60.6916,147.1599
339.9881,174.6300,61.0450,147.3790
340.7656,174.3388,61.1214,148.2201
342.2968,173.8228,61.1501,148.8992
343.3694,172.8775,60.8316,148.8572
344.1340,172.6544,60.3297,148.7988
345.0980,172.4889,60.1818,146.6863
346.8174,172.4276,60.1336,147.8456
349.9520,169.5457,60.3551,150.0773
351.9551,170.8062,61.3763,151.0040
354.0151,172.8089,62.1586,151.1711
357.8261,170.9238,61.8655,151.9517
361.3255,171.9808,62.2669,154.0426
364.0479,170.7961,62.4947,154.1737
367.2043,170.5008,62.7458,154.1728
371.3513,170.6445,63.1582,155.3491
374.0741,168.0009,63.7676,156.9433
377.2485,167.8635,64.1624,157.0458
379.6267,168.0689,63.8234,156.7318
382.9958,168.7957,62.7624,155.8801
386.5414,170.6233,61.6478,154.1968
388.2645,171.7873,61.2682,153.8060
389.3689,171.2266,61.0163,151.6097
391.0499,170.7301,59.9756,153.6539
392.3499,169.4084,60.6741,154.3155
392.8447,170.4889,60.4875,154.4477
393.8669,172.3432,61.6481,155.0538
393.8624,172.0226,63.7877,157.8066
394.1606,172.6167,65.2227,159.2330
394.7099,171.0355,67.4860,162.3137
396.2345,170.3901,69.4131,163.8677
397.7614,170.7784,70.9088,164.5033
400.4956,170.2825,72.2412,163.1417
402.8486,170.2161,73.2898,162.8976
405.5247,169.9354,73.1238,162.0907
409.8930,169.5870,72.1357,159.9567
413.5919,167.8016,71.0065,159.0401
417.7036,166.8055,70.7703,160.7308
420.6378,164.9827,70.2766,161.8511
422.4071,164.8832,69.2422,161.7794
424.6065,164.8420,69.5066,163.2667
427.5035,163.3925,69.3651,163.3080
428.9236,162.6513,67.9146,163.8659
429.7094,162.5757,67.9958,164.8294
430.9556,164.8246,67.3102,163.5743
430.7869,165.0970,66.9270,165.3260
430.1455,164.7622,66.8000,167.7023
429.5342,163.1644,67.5701,169.9913
428.1747,163.9240,68.3787,169.6373
427.8874,160.2777,68.7603,171.2519
426.1131,163.1223,69.3220,171.7412
424.3217,161.4068,69.8852,174.1190
422.1102,160.7228,69.6351,176.3843
419.9283,160.7924,69.8924,180.3432
418.0383,161.5558,70.2674,183.2039
414.3354,160.2746,70.7928,183.7044
411.1180,159.8537,71.1015,184.0052
408.0212,160.8272,71.2081,183.0150
405.1468,159.7656,70.6458,180.6424
402.3146,158.5819,69.4268,178.3282
399.2949,159.6517,68.5346,176.6155
397.5244,160.7120,68.0251,176.7262
395.3752,161.3759,66.8386,175.6148
395.4609,161.3100,65.3865,175.6320
394.4868,162.1601,65.2911,174.2219
393.5141,160.9981,65.3316,173.5942
393.3886,159.5152,65.2145,172.8276
394.8324,160.0031,64.8981,172.1689
392.7975,159.1576,65.4477,172.7371
393.7349,156.9574,65.3713,173.5872
394.3032,156.6706,65.5247,172.5705
393.5764,157.7169,65.6332,172.0376
394.4494,156.3728,65.8284,172.1172
394.4808,153.9468,65.2104,173.6899
395.6509,152.5312,64.9865,174.1695
394.5368,153.2160,65.1345,172.8154
395.5985,152.7106,64.7946,173.4836
397.6729,150.8146,64.5762,174.2605
398.1277,149.6811,64.1482,177.6044
398.4036,147.6371,63.8965,179.6593
398.4972,147.1864,64.2692,181.1040
398.8582,144.3382,64.2072,182.4109
398.7797,141.2882,64.4427,183.2027
397.7327,141.8988,64.4435,184.4830
397.9298,141.4749,64.4454,188.4803
399.4861,139.1502,63.4904,191.5247
399.8099,139.0254,61.7764,193.0739
400.9864,138.1189,61.3760,192.4524
401.6424,137.5448,60.8366,189.9834
401.9511,140.5570,60.7752,188.6384
402.7813,142.8134,59.5756,188.0753
403.3292,141.5817,59.8200,186.8948
404.0594,139.6310,60.5333,185.9223
404.1206,138.3577,61.5074,187.6925
404.1743,135.3970,63.0896,189.9303
406.0758,134.0557,63.5465,192.9907
407.8936,132.0866,64.3056,196.1185
408.9978,128.9366,65.0249,196.4987
411.8703,128.2155,64.7391,197.5801
412.1254,129.5869,64.6050,195.6865
413.1736,132.5981,64.3925,193.4611
412.5334,136.0719,64.0761,190.5428
410.7012,136.9804,63.7973,188.4672
409.4283,137.4907,62.6302,188.9637
406.8689,137.4134,61.2687,186.8021
406.5230,135.8253,60.7766,187.3463
404.7271,135.9893,60.7051,187.0558
400.9774,134.0265,61.2899,186.3134
398.3159,132.9953,61.3209,187.4245
395.3278,131.3224,61.4943,186.8875
390.8497,131.4875,61.1698,186.6391
389.5113,128.3101,61.0693,188.7812
385.8383,127.9195,60.9048,188.9551
383.4746,127.6089,61.1920,189.5274
380.2209,127.2928,60.4607,188.7937
377.9818,126.2966,59.7941,189.2381
375.5473,124.7924,59.0294,188.6973
373.3290,124.2148,58.8045,189.7041
371.3506,123.2587,58.6407,191.1783
370.3111,122.9012,58.9676,192.4500
369.0970,121.0483,59.5997,193.4577
368.2344,121.8540,60.0993,193.1247
366.6855,119.0794,60.2737,192.3460
366.4101,116.8324,60.2252,191.8786
364.9633,116.8661,59.9776,191.0580
364.8506,115.5159,59.6200,189.5388
364.0023,116.0116,58.9920,190.2141
363.6557,112.3421,59.4188,191.2303
362.3582,112.5831,59.8874,190.2254
361.2059,111.9370,60.2836,190.3977
360.1501,112.3692,60.6536,189.1496
359.6065,113.6594,60.8432,186.8010
358.6908,113.7127,60.6868,185.2823
357.3827,113.8398,60.2940,183.6684
356.9879,114.1419,60.1791,183.3163
356.2907,115.7648,60.0753,182.3269
355.5462,115.6761,60.4212,181.5407
353.7581,115.5286,60.6908,182.7819
352.5467,114.5833,61.0493,183.9679
351.1710,114.1848,62.1534,185.4190
350.3539,113.0496,62.8388,185.9782
349.2462,112.5932,63.2046,186.7382
348.7131,112.8816,63.2759,188.4268
347.1394,113.3506,63.2157,188.6523
346.7197,111.5005,62.8763,191.4117
346.3333,110.9706,63.5739,194.8583
343.9382,111.1372,62.0791,199.4135
342.4159,109.9209,61.4808,202.6779
340.3703,109.5789,61.7756,204.2156
338.3948,108.9622,61.6042,205.1685
335.5578,109.2602,61.0512,205.2508
332.9821,109.0609,60.4437,203.7937
330.8956,107.6365,60.2644,201.6542
327.5873,107.3910,60.3844,200.1186
325.2099,107.2885,59.7162,199.3847
321.0954,109.8273,59.6392,197.1335
318.1083,111.1829,58.9194,196.5494
315.5985,113.2288,59.0333,198.0366
313.0993,114.6370,58.6266,197.3405
311.5400,115.9408,57.7947,195.7150
308.3535,118.6454,57.2335,192.7760
305.3757,121.6319,56.5997,190.0129
302.0263,121.3356,56.9881,188.5416
298.4806,122.1006,56.9127,187.6605
295.8263,121.5904,57.1772,185.1449
293.1531,124.2789,58.0773,182.3811
290.4503,124.0096,58.4640,181.2713
288.7699,123.6964,58.7242,179.2999
288.8490,123.1569,59.0115,178.7498
289.4203,125.6302,60.4204,178.7398
288.0463,126.1581,62.0515,176.8675
285.5090,128.9125,62.9734,174.0947
285.0181,133.4241,63.2893,170.4121
282.0566,134.0628,63.2725,169.8599
281.4279,135.9012,64.4226,169.4828
284.0782,134.8268,64.8253,169.5427
282.7577,134.3978,64.4098,169.3947
283.6223,135.0995,64.1458,168.7677
285.4260,133.9904,63.9758,168.1187
283.2466,133.2010,64.0643,168.4689
283.3582,133.1896,63.5131,166.6402
282.0225,134.6089,63.0730,165.4101
279.8671,136.6321,62.5160,164.6719
278.8014,138.0727,63.2194,164.0160
276.9470,139.5833,63.4940,162.8064
274.2305,142.6610,63.6535,161.5246
272.6223,143.2436,63.6813,161.0881
270.7382,142.5188,63.9944,161.7393
269.1555,143.4730,64.4649,162.9776
267.3521,142.7607,65.2084,163.5432
266.3675,141.5484,65.8339,163.5995
264.9074,142.5951,65.5540,165.4279
262.8540,143.0135,65.8492,164.6200
261.9567,142.4985,66.7799,165.4253
261.3805,141.7197,67.0391,165.8358
260.9258,143.4329,67.1867,166.5885
260.7092,143.4597,67.7280,167.3352
262.6302,144.4762,67.7709,169.3004
263.4361,144.5586,67.6623,172.2303
264.4795,144.2559,67.6918,175.3019
264.0482,143.1940,68.5887,177.2214
265.7823,143.1141,69.2486,178.2584
267.7896,141.7964,69.6336,180.6571
270.2831,141.3341,68.8553,182.2141
272.1158,140.1040,67.6721,183.9285
274.7213,136.3601,66.5311,185.5503
276.4336,135.0611,65.2438,183.9887
278.1056,135.7081,63.5231,182.4542
280.6364,134.3800,62.6192,182.5095
281.4254,131.6134,62.3935,182.7438
280.8735,128.3698,62.3196,183.6936
280.6143,126.6715,62.6346,187.5052
279.5292,124.4528,63.8394,190.7193
278.6302,123.3175,65.2241,191.9535
277.6171,122.4318,66.7986,192.7702
276.0362,122.9478,67.7351,194.6645
273.7701,124.2449,68.9072,193.8736
271.0979,126.3861,70.2341,193.7125
268.7821,125.3493,71.6231,193.9735
265.9817,126.1838,73.5793,193.8555
263.2169,123.6839,74.7282,195.0270
261.8352,120.0238,76.5109,196.4637
259.5385,117.9999,77.4718,199.7611
257.7639,115.7332,77.6823,202.7517
256.5910,114.4083,78.0458,205.3454
255.2872,111.8032,78.7912,207.4222
254.4823,111.5894,79.4011,209.6831
254.0564,109.9727,80.0717,210.5284
253.4981,108.7325,79.6293,212.0051
252.7487,110.8122,79.7609,212.0411
252.6353,110.6072,79.7122,215.5705
252.8501,113.2252,79.4251,215.7043
253.4196,115.7218,79.2546,215.8044
253.8423,117.5290,79.5332,215.1968
255.8130,119.0129,79.0624,215.1707
257.1651,117.9832,77.8161,215.3566
256.8732,118.7849,77.5527,214.9012
257.6779,119.1242,76.8176,214.2847
257.8803,121.2886,77.5006,212.4892
258.3787,118.9687,76.6734,212.8623
257.9455,117.9636,75.9700,213.6143
257.4373,116.5207,75.1184,214.8066
256.7952,116.3075,74.4365,215.5161
255.7708,116.1868,74.0801,216.9961
254.3638,116.0414,74.5781,216.2468
253.2300,115.8372,74.9663,215.7409
251.6470,113.0573,75.1014,217.0809
250.0038,109.7291,75.5539,217.5475
247.2048,107.8847,76.3981,216.7171
245.6045,107.0382,77.8234,214.5070
243.1886,107.4922,78.1171,211.5592
241.3785,109.0780,79.0079,207.8829
240.5125,111.3915,78.9138,205.9380
240.3885,110.9660,79.2942,203.7253
239.0004,108.4615,79.6441,203.4487
240.3154,104.9570,79.3317,203.1294
240.2757,100.7859,78.8213,202.4570
240.9105,98.3361,78.2002,202.7757
241.7178,95.7667,77.8567,203.9843
242.8512,92.5047,77.3404,206.0928
242.9757,90.6524,77.0034,207.9626
243.6137,88.6824,76.9355,209.4974
244.6627,87.4565,76.5886,212.9861
245.9110,87.2572,78.0485,213.1929
247.0678,87.9541,79.3161,213.4867
249.6876,87.4980,78.7785,216.0872
250.0921,85.2560,78.7394,222.4442
251.0153,84.0037,79.0522,224.3005
251.9849,82.9472,79.2061,222.7875
251.5787,81.7414,79.2252,222.3724
252.3730,80.4308,78.8488,221.7035
253.8820,78.5092,78.2579,219.2823
252.0031,64.5050,76.6956,216.5839
252.2751,70.7346,75.9694,213.3273
254.9508,76.9307,75.4393,210.2243
255.3132,78.1574,74.5595,208.7636
257.1043,80.0541,73.6897,204.6674
256.4162,81.7067,72.5328,201.9000
256.7373,81.6632,72.3048,199.3405
256.1169,80.2432,72.0785,198.8995
255.4642,80.7809,71.6520,198.7960
255.2715,80.8454,71.2444,198.7533
254.8117,80.9531,70.8970,198.1913
255.5797,81.4368,70.3284,197.6969
255.1664,81.9058,71.0989,198.2392
254.5101,81.3581,71.8101,198.6106
253.9346,80.6807,71.5900,200.0038
253.3031,79.1986,71.5404,200.9307
253.0604,77.1906,71.2269,201.5788
251.5983,74.9595,70.7046,200.9589
250.4733,72.9027,70.7534,200.4275
249.7413,73.3373,71.3457,198.3822
249.0723,73.0537,72.3879,196.5497
249.0788,69.2058,72.9468,196.6604
247.6816,70.3262,73.8786,195.3557
246.9308,71.2233,73.1849,191.9365
245.8422,69.7039,72.6675,189.1610
244.2162,69.3545,72.2702,187.6889
244.2579,70.6377,72.3437,182.4277
241.9278,69.4052,71.8356,179.9710
240.9813,68.6267,71.1806,178.0884
239.0836,67.6257,70.9870,176.8402
238.0057,67.6049,70.2577,175.7734
237.5355,70.6177,69.8702,175.6231
237.2906,71.3784,69.6059,174.3368
236.7585,69.0952,68.8379,174.6437
236.9466,69.8347,68.9341,173.7859
236.0559,67.7142,68.6261,174.6096
236.8846,65.1997,67.5533,175.1483
236.0311,62.2613,67.4029,176.3344
236.5991,59.7552,67.3563,178.4017
236.7761,55.4831,66.9614,180.6124
236.2182,50.6338,67.5717,184.8103
235.7461,43.9048,68.2412,188.0287
234.7054,38.1400,69.1875,189.1253
233.6156,34.7104,68.6760,192.6785
234.3371,32.9066,69.8494,192.5273
232.4796,30.6010,69.6881,191.9615
233.9929,30.6459,69.1764,191.1358
233.0507,28.6013,69.0876,191.8866
232.1566,27.8103,68.9441,191.6696
231.0713,33.4904,69.7014,188.7895
230.4339,29.4344,69.3903,189.2650
230.5552,27.8095,69.5475,191.6665
229.0144,28.9560,70.0408,190.5639
227.8643,27.6852,70.5471,190.9206
227.4973,28.7263,70.2762,190.7224
227.3224,28.5182,71.4115,190.6849
227.1198,29.0476,72.0459,192.1341
225.7529,25.5561,71.6715,192.2697
224.6851,23.3998,72.0200,192.4837
222.6222,19.8746,72.0208,192.7418
221.2658,19.0138,72.1179,193.8959
220.7878,20.8965,72.5490,194.6226
219.7344,17.4401,72.5315,193.5117
219.8924,17.2946,75.6524,191.5196
221.3372,15.4086,76.5553,188.8122
211.2449,14.0268,75.6890,186.3117
214.4101,12.7297,75.5731,183.9504
228.4260,13.0148,74.9075,182.8987
227.7467,11.5177,73.4271,182.4996
226.9119,13.1377,72.2359,181.3237
225.4516,10.3649,71.8148,182.3379
223.9103,11.2879,71.4276,181.9105
222.2970,10.2325,71.3272,180.2492
221.0868,8.7817,70.3404,179.6973
219.3416,10.3892,69.4263,179.6667
219.3196,14.0875,69.2634,182.4269
220.7608,16.6605,68.5023,183.1146
220.8659,14.1028,67.7538,180.5981
220.6310,17.5859,67.1873,175.8509
219.9478,19.1839,66.1593,171.1582
219.9046,19.7548,65.6869,168.6467
218.9683,20.3719,64.2603,166.0387
218.2301,21.9399,63.8805,165.9597
218.4584,19.0685,61.8024,165.7224
219.4444,19.4459,60.5735,164.4965
219.5452,19.2276,60.2235,164.1657
219.4732,19.3071,59.9933,163.1805
219.2655,19.7390,59.4441,163.0864
219.3426,18.2473,59.3348,163.7406
219.7107,17.6806,59.1899,164.4266
219.6709,19.1411,59.1086,164.3301
220.0754,19.8075,58.1596,165.4206
220.6653,19.4307,57.1360,167.2774
221.8701,17.8147,56.3116,171.2400
221.7152,19.0414,55.3259,171.6616
223.0402,20.6078,54.9428,175.2667
224.7582,26.7349,56.0639,174.7457
225.5547,26.7482,56.9516,175.4701
226.6552,30.5135,57.8634,176.6730
227.2670,32.6722,59.2266,177.4888
240.1637,37.7495,60.5797,174.3479
238.4780,40.9536,62.2341,171.7022
236.4392,39.3297,64.2143,170.3700
252.7342,43.5338,63.7052,166.5693
253.0843,46.6000,63.9487,164.0855
253.3280,49.7480,64.2635,164.0772
253.0187,48.1365,64.8273,164.5774
253.1472,46.9360,65.8532,163.5245
253.1568,45.3003,67.9820,161.8270
251.5386,43.1223,70.8932,163.4599
266.7521,40.7451,71.8670,161.9145
266.0773,40.6582,72.0316,160.8130
265.4277,43.1689,72.7419,160.9250
263.6195,41.8464,73.2608,165.0070
275.8566,42.5501,76.2646,161.4674
272.7426,41.9303,79.9954,161.3493
268.1979,48.5201,83.3863,160.2628
281.9942,46.0621,82.3734,158.7868
279.6707,53.3688,82.6890,156.3144
260.7954,54.9842,81.7207,156.4157
248.1169,44.8215,79.7318,160.9346
278.3600,38.2264,77.8071,163.6378
279.1779,37.9518,75.4303,166.8579
278.4918,33.7839,73.4664,167.3965
277.0564,32.9412,72.8485,169.5953
275.7411,29.9735,72.8996,174.0215
246.4665,35.3940,73.4118,173.1257
249.6797,26.8535,74.9199,175.6354
250.7057,29.4884,72.2555,180.4404
253.2583,21.6282,71.2361,184.2974
255.1434,18.7559,71.6739,187.5948
255.5744,23.8514,71.3040,188.6231
285.5533,17.8379,74.5056,184.0118
298.1495,15.2731,73.0256,187.4468
266.6315,21.5178,76.4468,184.0437
270.7288,15.1069,78.0128,183.6299
257.7238,22.0867,78.6417,182.0317
263.1211,19.6432,79.4343,180.6193
249.1048,22.7404,76.0354,183.3729
252.3600,16.4861,74.2190,187.0824
252.4745,18.7483,72.5410,186.7842
255.1754,16.6435,71.1775,186.3780
271.2998,16.7124,70.4817,186.3098
271.3889,16.3996,70.0130,187.2399
271.6039,15.2374,70.2016,187.2346
315.4518,14.2247,70.8474,189.4348
311.2405,12.4320,72.7280,190.4250
307.6104,17.0644,72.0969,188.1053
319.7152,16.1825,70.8215,187.1973
313.5878,15.9527,72.3613,188.9587
309.6137,20.7332,71.3259,187.5630
319.7963,18.3111,71.3802,187.6833
316.9352,17.4966,72.3300,190.8101
313.1789,19.8435,71.2142,188.5467
325.6300,16.3821,71.5283,189.5936
322.7410,15.6679,71.9836,190.8398
321.4995,16.3795,72.5246,189.7095
319.4690,17.1717,71.9563,187.5700
315.7025,25.5995,69.8342,183.3778
313.1311,28.8901,68.6133,180.9868
313.6947,23.8457,68.6508,180.8623
315.2100,19.9837,69.7104,182.6989
316.6772,18.8131,70.0159,184.1395
317.6417,18.4995,69.6283,184.1590
317.9789,18.4031,69.9715,184.2048
318.3140,16.4862,70.0116,184.4785
318.2991,16.2414,69.9401,184.9154
318.0665,19.0501,67.7523,185.7969
317.5573,19.4519,66.9483,186.8065
317.0198,20.5884,66.3715,186.3844
317.0440,21.5218,65.4219,185.3176
317.1779,22.8936,64.6545,185.1309
317.7576,26.2390,64.2640,182.8894
320.7958,23.3772,64.4538,180.2870
322.6942,25.7675,66.0454,180.5646
322.3774,36.4290,66.5182,175.4097
323.3140,33.9705,67.0245,175.6659
322.1739,39.1803,68.0300,173.5699
334.2768,32.4189,68.0367,178.9227
332.0528,30.9644,68.2236,177.6500
331.3330,38.3637,67.5912,173.4338
332.9093,33.8660,66.9470,172.6391
335.7720,31.7428,67.0093,174.6783
336.8185,29.5019,66.6288,175.6618
337.4269,28.1664,66.4713,176.9223
338.9236,25.2065,66.5433,178.5448
339.9710,25.2749,66.6704,180.0561
339.8714,23.7929,66.8717,181.4765
339.9084,22.2469,66.5402,184.1010
340.0004,21.9059,66.5683,184.9007
340.2315,23.0074,65.9205,185.3582
340.0312,22.2143,65.1510,186.4868
341.1439,21.2368,64.8203,187.1495
341.3096,23.8977,64.4448,184.4437
342.1020,23.8949,63.9416,184.2200
343.3629,24.7546,63.5434,183.1244
344.2818,25.0668,63.4296,181.1431
346.3439,26.2022,62.4082,177.2114
347.4836,24.8619,61.5420,175.0035
348.1973,24.6692,61.9698,176.7407
349.0610,22.9861,61.9982,176.3092
349.3911,22.4203,62.0449,176.7843
351.1417,19.5131,61.1968,177.4470
350.7025,17.5466,61.2031,176.7396
350.8668,14.6088,60.8149,176.7161
351.9049,13.1154,59.9386,175.3773
352.4245,10.9388,59.4793,176.1400
352.5682,7.5376,59.1172,177.1903
352.7920,5.7754,59.2011,178.6975
352.2961,3.3913,59.6514,179.4006
351.9941,2.5249,59.6382,179.1882
352.2458,1.6001,59.3567,179.1498
352.9722,1.4317,59.1483,178.7937
353.1093,1.5719,58.6896,179.3598
353.4746,2.0001,57.5459,178.0758
353.6672,3.6318,56.7552,175.6120
353.9658,5.4125,56.0293,174.5122
354.4461,5.4764,55.6130,173.2941
354.0309,5.8195,55.5367,173.0309
353.9503,6.1206,55.7769,172.4465
353.7646,7.3053,55.9104,172.2830
354.1579,8.6253,56.2118,171.8741
354.3712,8.3893,56.1022,171.8925
354.9284,8.8134,56.3485,171.0334
355.0977,9.7208,56.2784,170.0885
354.6024,11.8361,56.6495,170.6619
355.6227,13.2575,56.6400,169.6488
356.3612,13.6774,56.3450,169.5430
356.5038,15.0029,56.4287,169.9624
358.1049,15.3687,56.2716,170.1765
358.3809,15.5904,56.3484,171.8249
359.5475,14.6113,56.4696,172.7711
359.9816,14.8802,57.1234,173.3515
360.9810,14.2035,57.6577,173.9041
361.5579,13.1201,57.5969,175.2912
360.2187,12.3031,58.3493,177.3359
360.2093,11.2532,59.0511,177.3064
360.6070,13.1475,59.0506,175.8887
361.2562,13.8754,59.2750,175.4822
361.7466,12.9642,59.3888,174.0428
362.0438,14.9488,59.2009,174.8124
361.8875,16.2789,58.6053,174.5394
362.5298,14.6551,59.2699,174.3795
362.0563,13.9692,59.1482,175.5513
361.6670,13.1463,59.2282,175.3354
360.5785,20.1159,60.1673,173.7366
361.0367,15.7437,61.7569,173.5862
350.8223,24.2376,61.8163,170.0581
355.6699,20.1483,60.6411,170.1217
359.8359,16.8732,60.1722,170.4526
359.7419,21.2334,60.9290,169.7106
361.4006,16.5501,61.7446,169.5891
353.2393,24.6305,64.2067,165.0078
365.5676,20.5415,64.0765,167.1234
364.0517,17.5897,64.0393,168.9627
353.0752,23.5759,62.5315,166.9943
365.3637,18.1568,61.8428,167.8569
363.6464,21.6453,61.4192,167.1539
362.4479,21.5901,61.0592,166.4275
360.6418,19.1923,60.6917,166.1238
347.0323,24.2352,58.8720,165.6650
346.3708,25.2423,57.9288,164.5326
337.5615,26.9770,59.7245,160.3432
340.5437,30.2187,58.0163,159.6334
341.6743,29.2761,56.9282,159.9806
2
0
0
0
0
1
341.4616,42.2000,29.7945,126.1825
340.5326,41.0450,30.4689,127.1123
338.6151,39.4889,30.8864,128.4915
336.7921,39.2136,31.6177,129.0665
335.2260,37.9135,31.6009,129.5973
333.2329,38.0498,32.3297,129.3511
331.2708,39.4717,32.8969,127.9655
328.9048,38.5320,33.2526,127.5477
326.6906,38.5911,33.7205,127.1334
326.1374,38.4184,33.5608,126.4328
325.0887,37.9543,33.4414,127.1179
324.4764,38.0117,33.5611,127.9290
322.9418,39.0069,33.7824,127.3929
321.1389,40.2255,34.2683,126.5011
319.1160,40.8744,34.7877,125.9254
316.7009,40.1224,34.8832,125.5633
315.5381,40.3529,34.9218,125.0919
314.6297,40.6799,34.8993,124.5288
312.2905,38.2887,34.7717,124.5455
310.7303,39.1964,34.8457,126.3275
309.2821,40.8008,34.9188,125.6831
306.9846,42.7631,35.0936,125.2132
305.4488,42.8789,34.8129,124.1617
304.8553,40.9024,34.0615,125.6799
303.9517,40.4130,33.3173,126.1698
302.4469,38.3224,32.9711,126.8747
299.9178,40.6161,32.9168,127.0825
298.2367,41.6036,33.0370,127.6368
295.3904,41.7751,33.5975,128.8480
292.8063,43.2539,33.9236,128.7893
290.8516,44.5135,34.5196,128.0255
290.6379,43.8825,34.6249,128.2316
287.8758,45.9551,35.4463,128.9400
286.7759,42.9058,36.0784,130.7639
285.1160,41.9501,36.7815,133.1222
283.2461,40.4114,37.4071,136.4649
281.8717,40.3596,38.8347,139.6380
280.9661,40.1227,39.8493,141.5089
281.0174,40.7882,40.2988,143.2930
281.7684,40.5626,40.1750,142.6898
282.2167,42.9328,39.6726,141.3387
282.3333,44.1574,38.9232,140.1930
282.9323,44.9863,38.1538,139.7858
282.0575,45.1848,37.7237,139.0876
283.0237,45.9914,37.4479,138.2836
283.2892,47.2015,36.7415,137.5214
283.0926,48.6870,36.6953,137.8280
283.6456,48.5061,37.4457,136.2356
282.4687,51.7696,38.1416,134.9900
282.9239,51.8755,37.8799,133.9538
283.3181,52.4587,37.3763,133.5593
283.3725,53.4225,36.8304,133.1250
283.3476,52.0830,36.6316,132.9836
282.9874,51.4430,35.9698,133.6525
283.4440,49.9005,35.5061,134.9260
283.5285,49.6641,35.2532,135.4086
283.1205,48.9088,34.8245,136.0984
283.4973,48.4489,34.6834,136.6163
283.9328,47.8832,34.6684,137.0680
284.2409,48.0271,34.4403,137.0684
284.7272,47.1173,34.7794,136.3456
283.8095,47.2200,35.1502,135.2961
284.3186,48.1740,35.4673,134.0674
284.2144,48.4908,35.8582,132.9961
285.2698,49.8110,36.1463,132.2985
286.7746,50.4176,36.4603,131.3140
288.2953,51.8842,36.6045,131.0637
289.7118,52.6090,37.0353,130.8138
291.6224,50.1414,36.5130,129.4186
294.4332,51.0315,36.2276,128.4657
297.3354,51.7577,35.4908,127.6712
299.7831,51.2816,34.8139,127.3880
300.3791,50.4529,34.8335,126.2869
303.3548,51.7201,34.2734,125.2678
310.1864,51.4630,34.0822,125.4589
309.7366,49.9081,33.5592,127.5710
310.2393,48.9717,33.5063,128.3507
311.8084,48.6211,33.5792,131.3357
313.8495,48.3136,33.8567,132.2170
314.4915,48.3242,34.3810,133.1902
317.2918,48.2658,34.1073,133.9628
319.5032,46.8101,33.8820,135.1680
321.8330,45.8019,33.6150,135.5482
323.7257,45.4600,33.3912,135.4182
326.1996,46.6430,33.2269,134.9592
327.6700,47.0300,33.6775,135.0084
327.6378,47.3815,34.5237,134.1065
327.8129,48.0140,35.1835,134.0558
329.0878,47.7555,35.3805,135.1612
329.9658,47.2384,34.9733,135.9059
331.3988,48.4027,34.9452,135.1633
332.4959,50.0286,34.7351,134.3877
333.0487,51.6467,34.8315,132.8539
333.8687,51.3970,34.4729,132.1517
333.8581,53.1752,34.9555,131.1941
335.0511,53.6131,35.1545,130.5698
334.8805,53.6173,35.1819,130.5315
335.7662,52.3786,34.9384,130.9361
336.3555,52.1510,34.6950,131.0681
336.6664,53.8133,34.1221,129.8602
337.7278,55.5934,33.4434,127.3768
338.6802,57.7821,33.1958,125.0986
347.5977,60.0199,33.6231,121.5479
354.5115,62.9583,34.5627,117.4695
352.4557,63.3176,34.8825,114.9756
352.7536,62.3879,33.6483,115.2414
353.2977,60.6476,32.2209,116.1611
352.9808,62.0822,32.2051,116.6565
354.3409,59.1374,31.5162,116.0870
355.4699,61.2109,31.1800,114.3348
357.1850,61.6281,30.7426,113.8561
364.3391,63.3801,30.6711,113.5540
365.3744,60.2529,30.4864,113.2810
372.0847,60.1941,30.4767,113.6693
371.6250,59.7790,30.2541,113.8388
378.8192,63.0733,30.4198,112.7145
378.0876,63.7525,30.2360,111.4175
378.7986,60.9286,29.6194,112.3051
381.6284,62.0281,29.0584,113.0312
384.4578,63.7834,28.7472,112.2298
386.6777,67.2903,28.9149,110.7538
387.9831,62.9170,28.7981,111.0519
390.2174,66.8937,28.9057,109.1016
392.8309,66.7978,29.1231,110.6872
395.2055,68.2394,29.2209,110.1406
397.3349,66.6256,29.4155,110.3368
398.8793,65.3683,29.7802,109.8349
398.7644,65.3582,30.3735,110.4144
399.5660,63.2805,30.8873,111.2086
399.4846,64.5979,31.8777,110.8663
399.5442,65.0624,32.6922,111.9110
399.6155,64.8723,32.8009,113.9043
398.4579,63.9426,33.1327,114.9567
397.1971,64.8766,33.8313,114.3116
396.4552,65.7894,33.8088,113.4842
395.8307,67.5551,33.8476,111.2583
395.5640,68.3362,32.5999,111.8799
394.7495,68.9584,31.8581,113.4778
393.5901,69.1716,31.1666,114.0357
393.5047,68.5569,30.5591,114.5383
392.9946,68.5415,29.9681,114.5838
392.0161,69.0111,29.7099,114.8713
391.3094,71.5252,29.5805,114.2622
390.9194,73.0002,29.6914,113.6879
390.8092,74.2925,29.4331,113.8265
390.8858,74.1365,29.7619,113.2074
392.1154,77.0052,29.7093,112.4713
392.6600,81.1489,29.3126,110.9865
392.9641,82.9173,28.9286,111.2418
393.2300,83.5353,28.6731,111.9003
393.0557,84.6447,28.2567,112.8540
392.5747,85.2370,28.0404,113.6337
392.2088,87.7982,28.3741,112.8447
392.0971,89.4100,28.6746,112.3390
391.1678,90.5723,28.4993,112.1108
390.3574,92.0748,28.5106,112.4702
390.0247,93.5905,28.9430,112.6688
389.0484,94.0042,29.2307,113.4234
388.5802,94.9468,29.2930,113.8485
388.3362,94.6469,29.5709,114.8925
387.3556,94.5357,30.2817,116.5918
387.1470,94.2160,31.0516,117.9811
386.2332,94.5165,31.7427,118.7537
385.0516,95.9931,32.2849,118.7541
383.9319,93.2591,33.0484,119.9071
384.4432,96.2435,33.6299,118.9259
385.4304,98.9361,33.9857,117.7219
384.9496,96.4601,34.2501,119.1800
385.9244,97.2261,34.2813,119.4569
387.0626,98.8476,34.1616,118.7613
387.6433,100.4083,34.2010,118.4500
387.8215,97.2206,34.0432,120.0333
387.2834,101.5321,33.9326,119.8703
387.4630,98.4923,33.3349,120.8454
387.0266,96.8343,33.1883,121.4773
386.8497,102.4190,33.2999,120.6355
386.7013,100.2369,32.8990,122.6078
386.5820,99.3159,32.7592,122.7319
386.0008,104.8076,33.1913,121.3032
385.7714,104.8066,32.4651,122.8924
376.7457,101.3029,32.4017,124.0394
377.8037,104.6316,32.7183,124.5105
378.4282,109.2265,32.7657,123.5980
379.0357,107.6584,32.3206,125.2085
379.6159,114.2597,32.5621,126.5644
367.5768,107.5967,33.3924,128.8622
366.7360,109.7167,33.5384,130.1167
365.4365,111.5753,33.6110,130.4704
375.1634,118.9367,33.8859,127.7320
383.7231,124.9566,33.8452,124.4412
381.5120,132.5608,33.5509,119.2110
380.6274,135.3066,32.6215,116.4457
379.6910,136.4123,31.7300,114.0638
378.4167,139.2014,31.2775,112.1831
376.6757,138.2209,31.1998,111.4306
375.2644,138.8596,30.9497,110.5193
373.5247,139.2426,31.0069,109.5457
371.7277,140.7365,31.2143,109.3950
370.4902,141.6817,31.1541,109.4764
369.9809,145.0411,32.1438,108.7245
368.8513,143.7041,31.9443,108.1151
369.7439,145.1624,32.3408,106.2753
368.3255,141.9171,32.2429,106.3548
366.6821,138.6629,31.8562,108.1627
364.8109,136.3470,31.7852,109.4753
363.3282,133.9969,31.8850,112.4190
368.6183,130.5355,32.9989,114.5092
365.8268,133.3262,34.0980,114.4695
364.2064,130.9433,34.8229,114.6130
363.0706,125.2436,34.9494,117.3998
361.8427,123.2804,34.9455,120.2881
360.7287,120.8829,35.5149,123.0475
359.5785,117.8775,36.0054,126.5010
357.8829,116.9988,36.5479,129.3125
358.4973,120.0154,37.0108,130.5871
358.1837,116.7086,37.5059,132.9000
359.4449,118.3420,37.8678,133.9408
359.8025,114.5155,38.6600,137.1479
360.6574,117.3449,38.7868,137.1283
362.3952,118.7430,39.2670,137.4848
362.9822,121.7647,39.3012,137.5343
371.5858,123.8058,38.7129,137.9373
370.8775,129.1069,38.4237,136.9124
369.5272,124.0718,38.4795,138.7088
369.0227,125.1211,39.0216,140.8152
369.3177,125.0048,39.3996,142.3207
369.4111,125.3877,40.0010,143.9641
369.2828,119.4652,40.5528,146.7772
369.6514,121.0539,41.2523,147.2959
370.0718,122.6860,42.1239,147.9025
370.6300,124.5180,42.5688,148.1665
370.5602,118.3372,42.1784,150.8399
371.0453,120.7370,42.7596,151.9352
371.4527,115.7859,42.2120,153.9199
371.6290,111.8466,42.5732,157.0578
381.3928,118.9307,42.8936,154.8499
381.0925,116.5334,42.4868,157.1085
381.5578,114.6396,42.1734,158.1232
390.7150,117.0017,42.3401,157.1639
390.3016,115.7666,42.6552,155.8206
391.5105,116.3600,42.8586,155.4988
399.9182,122.9268,43.5224,151.9101
398.2211,121.6333,43.5167,151.5505
397.8014,119.5773,43.4324,150.8855
404.6881,127.6686,44.9434,148.1357
403.1053,129.4207,44.9766,148.1400
402.9799,120.9419,43.8943,151.1807
402.4391,120.6433,43.5898,152.3231
402.7483,120.3830,43.5902,155.5950
401.6416,120.3202,44.1461,157.4238
400.4761,121.2166,44.8946,158.7940
398.9306,119.5105,45.2539,160.7617
397.9143,119.2823,45.1970,161.9236
397.2336,117.7607,45.3328,163.6218
396.5804,114.5056,46.1316,166.0209
395.5559,112.7553,46.7747,168.3972
394.6611,111.6304,47.2444,170.2653
393.7954,110.2650,47.6316,171.7554
393.0320,108.3021,47.9258,174.3976
402.4928,112.3052,48.2934,174.8999
398.2660,112.4127,48.8820,174.8952
396.0786,107.0510,49.0900,176.9642
394.0858,105.1000,49.4685,178.9089
403.5204,104.5903,49.7184,178.9957
401.5512,102.0160,49.8588,181.4844
401.1287,98.5544,50.2428,184.4795
402.1579,104.9766,50.6595,184.8300
402.6458,103.3800,51.1626,185.1252
411.7027,110.8650,51.7673,181.5581
408.9748,110.0255,52.5508,181.1432
408.1187,109.4189,53.4748,181.1127
408.0215,107.7101,53.7674,181.2507
408.4501,104.8203,53.8690,181.8270
408.8972,103.9573,53.5649,182.2026
408.0637,103.1451,52.8085,182.9365
408.2002,103.7814,52.5463,183.6080
409.2077,106.7445,52.2968,184.3735
409.2936,109.6618,51.8217,185.1579
408.6216,109.8508,51.4361,185.4529
408.8235,111.8491,52.0650,183.4672
395.1565,113.5885,53.4812,183.9006
396.1434,115.4664,54.9462,183.7641
409.7579,114.9330,55.3493,181.3590
421.5370,117.4688,54.8958,178.7191
420.5262,119.5437,54.2998,178.2957
419.0028,121.7037,54.6568,176.4150
418.2441,119.3483,54.3525,176.9838
405.4232,117.5285,55.1834,180.6329
406.7486,115.4884,56.4110,183.6509
419.4860,112.5128,56.3010,184.1006
418.5496,106.3511,56.0268,183.5134
420.1305,105.3178,55.8076,183.9443
417.8488,98.7355,54.5411,184.8873
415.7715,89.9738,54.0775,186.6291
414.8943,92.3304,53.7640,189.4277
415.9861,94.7833,53.5228,191.3747
417.0374,95.4949,53.9221,192.7496
417.7377,96.5584,53.5472,193.7261
417.8756,98.5317,53.1066,193.5321
417.7666,100.2103,52.4504,193.4807
416.7535,102.6926,52.5902,193.1184
417.2604,101.9098,51.8761,193.5060
419.3812,113.4928,52.0900,192.0847
420.4859,113.2036,52.1340,190.4214
420.3637,114.8233,51.6734,189.5138
419.8139,114.7515,51.7218,189.7838
419.7243,114.2276,51.8108,188.0087
419.5473,116.7096,51.5723,185.1999
419.8693,117.1994,51.0381,183.3610
421.6003,127.8615,50.6263,180.7822
422.2545,130.2049,50.2084,176.7257
422.9290,129.2488,49.6669,175.1399
423.8299,128.6949,49.0129,175.3442
421.9721,117.4307,48.1386,177.5026
420.5007,115.2080,48.2284,178.1440
443.8800,120.1342,48.4121,181.0242
429.6739,120.6372,48.4537,178.2570
429.5669,124.0234,48.3967,177.6442
429.9419,124.2863,48.2797,176.1244
430.0557,128.7267,47.9064,173.0199
430.2861,126.0542,48.4748,173.0417
431.3734,127.8823,47.6985,173.9198
432.4281,132.1344,47.7707,172.9928
434.1985,136.7490,47.9966,170.4902
434.0571,134.2600,47.9934,168.7342
435.1118,137.4775,48.0411,166.9499
435.9724,138.6955,47.5483,166.7800
435.6573,136.7360,47.6294,167.0041
435.4618,139.3641,47.6644,166.1884
435.6230,140.6808,47.4575,167.1967
434.5391,137.9574,48.5390,168.2604
434.4514,138.7023,49.2258,169.0151
434.3008,141.1115,49.4279,167.5129
432.9179,138.7464,49.2967,168.4816
432.7353,142.8803,48.7886,167.3539
431.3124,145.6515,48.6685,166.8544
430.5588,147.1756,48.0452,167.9101
428.5504,146.0156,48.0231,169.8460
428.2762,141.5233,47.2548,169.6738
427.7460,140.0531,46.5046,169.2037
427.4463,138.5675,45.6678,168.6296
424.8007,137.4995,45.0963,168.8226
424.1189,137.0279,44.8554,169.6900
422.0684,135.1543,44.6204,169.5671
419.3531,132.2930,44.5412,169.7276
416.7940,129.6236,44.0193,171.1786
415.1436,126.9471,43.6663,170.1696
414.5340,124.1239,43.6071,169.9135
413.2340,120.1459,43.1732,170.1028
412.0581,118.6449,43.1272,170.2507
411.5995,115.1247,42.7116,171.4981
412.7455,112.3199,43.0139,173.4059
414.5075,107.9932,43.4462,173.6567
415.1293,106.3173,43.3633,173.8947
416.4612,103.4631,43.7896,174.3614
417.7411,98.9906,43.3409,176.9234
419.4240,98.0555,43.5332,176.7616
420.8556,96.9463,44.2211,178.5854
420.4934,92.0699,45.1756,179.6286
419.9566,87.2196,45.5413,182.0645
421.2971,89.9679,45.7187,181.4235
420.3214,85.4086,46.2065,182.2398
420.0919,88.3687,46.5528,181.6404
418.6379,84.6682,47.0381,182.0103
419.4633,86.5765,47.3691,180.6024
417.6208,82.2847,47.5684,181.4072
418.4732,84.1296,47.4387,181.6841
416.8662,80.5672,47.4069,183.3278
417.6420,83.6048,47.2379,182.5163
419.5747,82.3852,47.2416,182.3644
418.1501,77.4128,47.1821,183.5137
419.4269,78.3859,47.1530,184.2488
420.4193,77.6547,46.7650,182.9525
421.8324,78.5941,46.7833,183.0492
420.8459,75.5310,47.4858,183.1115
422.3664,78.9566,47.7242,182.7451
421.2190,75.6282,48.9884,182.8140
423.3707,78.0273,49.2137,182.5226
424.7739,84.3689,50.0231,179.9406
423.9854,84.9578,51.0742,177.1259
424.5952,82.3615,49.8325,179.2990
424.5673,81.5410,48.7939,181.1360
426.4272,82.8776,47.8011,180.6373
426.1047,85.5561,47.7393,180.6608
425.5518,86.6368,47.3881,180.1878
426.6646,87.5986,47.0055,179.8895
425.9809,89.8723,47.0858,180.1069
426.9812,91.0399,47.0059,179.7462
427.8741,91.1631,47.0851,179.4488
427.8022,91.9853,47.0566,179.9209
428.2702,93.0139,46.7684,179.7020
427.7607,94.4775,46.9380,179.9014
427.5706,97.3487,47.1831,179.2615
428.4099,99.2647,47.2675,178.9263
428.4986,102.4486,47.0844,178.9121
427.9736,106.5946,47.3021,177.9766
428.3018,108.4533,46.7848,178.6797
427.9646,110.9883,46.8988,178.0583
427.7737,113.0958,46.8417,177.5436
426.7595,115.6788,47.3274,176.5755
425.8844,121.0529,47.5890,174.7071
425.3379,122.1812,47.6469,174.5825
423.6797,125.4717,47.5092,174.1773
423.6336,127.0168,47.4185,173.8131
422.4957,130.9899,47.3451,173.0223
421.1160,133.4553,47.4731,173.1291
420.8856,134.5235,47.1797,174.8261
420.4962,137.1475,47.3266,174.1532
418.6418,135.9005,48.0520,172.4904
419.5876,138.4629,47.9100,171.4434
420.0773,140.7469,47.7263,170.2482
421.5800,141.3063,47.7827,170.1388
421.5984,141.2376,47.8638,170.4373
422.0010,142.7215,47.8545,170.2050
422.1057,140.7282,47.5528,172.2941
422.1406,139.4138,47.9106,173.0124
421.6982,139.3332,48.3718,173.0782
421.7442,139.5478,48.7440,173.1087
421.9449,138.4049,49.0335,174.2660
421.3493,137.8546,49.0278,174.4576
421.3940,139.8465,49.4562,173.5385
421.9530,139.0652,49.0212,175.3687
422.3957,138.5294,48.1834,177.5482
422.3405,136.5177,47.8110,180.6308
423.8814,135.0728,47.4711,182.0644
423.6584,135.6717,47.3272,182.7398
424.7977,134.1496,47.6148,183.8480
424.2289,132.3606,48.0824,186.0541
423.8600,134.4072,47.8785,186.3651
424.7565,132.7457,47.3663,186.4316
424.9668,133.5621,47.1240,187.5789
425.4879,134.2738,47.0482,186.4624
425.9669,133.0670,47.0939,185.6658
425.2013,132.8096,46.9988,186.4307
425.0637,131.6479,46.8422,187.2316
426.0096,132.6373,46.6399,186.8252
426.2919,132.3915,46.7113,187.1439
426.4746,131.5263,46.6885,186.7907
426.1757,131.2210,46.7595,186.6064
425.5749,130.3406,46.8866,186.9266
424.7245,132.8305,46.8111,184.6786
423.5244,133.0884,46.7683,183.7020
423.2714,134.3462,46.6627,183.1094
423.1923,133.8109,46.6066,182.2212
422.4422,133.9816,46.4656,179.5215
421.2198,139.1342,46.9333,176.4652
420.5017,136.3450,46.4513,178.7518
419.4252,138.8282,46.9706,177.2488
418.6852,135.6103,46.2364,176.1949
415.8034,133.5392,47.5352,176.6832
415.0041,133.4974,48.4865,178.0003
415.0517,132.7939,49.0239,177.9559
412.9500,131.4978,49.4694,179.2457
414.6315,130.5876,49.2852,177.9989
413.2656,130.7865,49.7091,176.8886
412.5032,130.2105,49.3833,178.9416
412.2933,129.2833,48.8372,179.8004
411.5461,128.9601,48.2972,182.0232
410.6710,128.2367,48.7158,182.8467
410.1378,128.0741,49.0659,184.3953
410.1288,129.1161,49.2587,184.2924
411.1329,129.8236,49.9017,183.7027
412.4753,130.2976,50.3961,183.1938
412.9588,132.0919,50.5679,182.1784
412.7304,128.4716,50.6762,186.7625
413.8110,129.2335,51.1725,185.6028
413.1864,126.0039,51.3084,188.3564
414.7971,127.6408,51.3419,185.8523
414.6690,128.8984,51.0652,183.9218
415.6721,131.0362,50.8183,182.3778
416.3492,130.9737,50.7958,181.3439
415.8501,130.8554,51.2110,181.2299
416.6779,129.2709,51.9366,182.6698
416.5352,129.8357,52.5722,182.4876
416.8037,127.5692,53.4548,183.2007
416.1630,125.9187,53.5798,184.4740
416.4388,124.5384,53.5531,186.7278
416.3968,123.3797,53.1130,188.7564
415.5476,122.7626,52.9219,189.2201
414.1478,125.0132,53.0283,190.5803
412.6073,123.7555,52.8693,190.4354
411.6261,125.1921,53.1798,191.2501
412.1429,124.8420,52.6808,191.2622
410.9881,127.7850,52.0199,188.5687
410.2255,129.6701,51.0301,186.3212
410.3633,130.4156,50.2479,184.8410
408.7883,134.9758,49.8694,182.6215
407.4884,135.6513,49.9479,181.3142
406.0812,133.1449,49.2057,180.8292
404.3114,131.8175,48.7385,181.4657
403.0438,129.7621,48.0433,180.6396
403.9443,131.7142,47.8354,181.2081
403.5964,131.0670,48.4803,181.4236
401.5855,129.3948,48.7371,183.1873
402.2226,132.9256,49.9995,180.7575
401.0215,133.8981,49.9668,179.0268
401.7260,135.9809,51.3690,176.8966
402.5381,137.3714,51.6495,175.6845
401.9813,136.2704,50.9115,173.9614
401.7259,133.4435,50.4043,173.6950
401.6814,132.5433,49.6577,169.3957
401.3091,131.8370,48.6113,169.3591
400.5050,129.6977,48.4811,169.8766
398.7771,129.3697,48.9442,168.0981
399.8367,130.8607,49.1422,166.7546
401.3812,132.7901,49.0218,163.5342
400.8853,133.9516,47.9164,161.4811
399.7966,130.2192,47.6907,161.1816
398.5307,129.7366,47.8716,160.0525
397.2409,130.4528,48.2475,159.1783
396.4976,132.2116,49.1185,161.9927
394.2603,125.0575,49.9448,164.5164
393.3588,126.1156,50.9983,163.6404
391.6056,125.1004,50.9616,163.7217
391.2054,123.7899,49.8833,164.4693
390.6816,121.7462,48.8229,164.3552
387.2237,126.1272,49.3798,164.8740
383.9735,122.0311,49.7339,164.2141
380.5377,127.9268,50.7423,162.4217
376.9652,129.6872,52.4290,160.6833
373.8810,129.8098,53.0616,158.7321
371.2841,130.5901,52.9972,156.6392
369.3899,131.3509,52.2725,155.4771
367.0527,129.6536,51.6177,155.4867
364.8152,128.3156,50.3091,156.1315
363.1183,128.0330,50.0388,156.4760
361.9074,127.6344,49.9253,156.7468
361.3197,126.5856,49.7162,156.2092
360.0834,121.8433,49.4511,156.7383
360.3036,122.8654,48.4077,158.0612
361.2772,123.9556,47.5376,159.1413
362.8475,124.9054,47.3627,158.2798
372.5699,129.4910,47.1479,159.0847
373.0598,132.8670,47.2996,158.2504
373.2822,130.2831,47.4655,156.5079
381.2867,135.1088,47.8903,156.6861
379.4249,138.4880,48.8664,157.0084
379.5327,135.3610,48.7517,155.9218
380.8055,135.1069,47.9230,155.6785
382.3255,140.5021,47.7113,157.0143
382.7234,144.7254,48.6099,157.2798
383.3453,146.8642,49.2673,158.4089
382.8973,146.4295,49.4813,157.8121
382.4467,148.7174,49.4190,157.4111
381.8878,152.5507,49.5292,157.2516
381.7173,154.7660,49.3822,158.5487
381.6574,153.7543,50.0225,159.1345
382.3260,157.3167,50.4118,159.6629
383.1884,159.8608,50.5000,158.9608
384.0071,156.5273,50.6993,156.8597
387.2613,160.2775,50.1566,157.6154
388.0042,159.1861,50.3118,155.0679
391.9091,163.2578,49.5663,155.6309
393.8300,167.5435,49.0876,157.0474
396.0495,169.8916,48.7381,157.4860
397.6954,172.5206,48.1157,158.3645
398.2584,175.5528,48.7031,157.9657
397.9540,178.9403,49.0092,157.6138
397.8596,185.6393,49.4126,154.4966
398.8495,185.1176,48.9671,150.6967
397.9668,193.1251,49.3804,147.6743
397.5810,191.0417,49.1985,146.6171
397.7770,189.9261,49.3091,144.8798
397.9198,186.8474,49.2738,144.9317
398.7464,184.2802,49.5958,142.9160
398.3049,188.0508,50.4526,144.1688
397.7119,184.6427,50.9915,143.1427
397.7235,188.3695,51.2736,144.7736
396.7166,190.5686,51.6600,146.3827
396.8051,186.6457,51.8775,144.6481
396.3571,189.6069,51.9720,145.5859
395.8490,183.5433,51.6705,144.1578
395.3161,188.3940,52.1550,142.6747
393.2484,191.0033,52.6603,141.5892
392.0777,188.3802,51.5376,138.6163
392.1157,191.4522,51.2607,140.5952
390.1622,187.3716,51.2134,140.2663
389.0214,190.0681,51.8560,141.1654
386.9455,185.4488,52.7259,139.5271
385.2484,186.4612,52.6290,141.3161
384.4806,184.7776,52.2889,141.2145
383.8819,182.0333,51.8354,141.3408
382.5029,175.5062,51.9126,140.5421
381.6937,175.3086,50.9691,142.5732
381.7119,172.0795,49.9245,141.8418
381.2428,170.5549,49.2566,140.2546
380.5097,169.8430,48.4434,139.5003
380.6464,167.5760,47.4446,140.1095
381.1429,164.3810,46.8607,140.2589
381.4218,160.4428,46.0041,141.0951
380.8804,156.0331,45.2282,142.4559
379.8370,152.9885,45.3291,143.7758
377.9603,150.9708,46.1168,144.5265
377.4864,148.7644,46.4512,143.6832
377.3653,146.1216,46.8676,142.0610
377.9444,144.9557,47.5402,142.8172
378.2286,139.4653,47.4172,143.0068
380.8782,140.0466,47.3195,141.9861
383.9119,133.7514,50.6852,148.4660
384.5343,131.5265,51.1551,150.3960
383.7234,134.9029,55.1840,156.1932
392.1644,132.0059,61.6233,159.1031
373.5006,133.3407,63.9773,162.7446
373.5374,115.0391,62.2781,164.2690
376.2997,106.1713,61.6341,166.1898
380.9091,69.6983,62.0208,171.6716
382.6642,11.5859,60.4106,180.9134
395.8162,11.7603,59.1196,191.8672
397.4903,-1.8473,59.1851,197.6253
409.2946,4.2848,58.3454,204.2069
420.3066,-7.2266,57.9044,207.2014
369.2608,85.8663,58.9865,192.2605
368.1193,98.0694,59.1837,178.6353
368.6514,109.5241,58.2212,168.1674
368.5127,116.0050,56.2562,159.3994
369.3038,122.9438,55.4504,151.8629
368.5490,128.9857,54.5515,145.0826
368.9138,133.7844,53.3176,138.8902
367.1211,135.0838,53.0980,135.6618
366.6502,136.3942,51.4157,133.2158
365.5233,137.5528,50.0990,131.4185
364.6183,137.5267,49.3073,131.0647
364.2816,137.6238,48.3524,130.9545
363.4241,134.3309,49.1077,130.3760
362.6151,134.3631,48.0790,131.4833
361.2006,134.1976,48.5714,131.6008
360.5043,133.7487,47.8450,134.4902
359.5331,134.0446,47.4266,137.0564
358.0462,134.3201,48.6566,138.0578
357.0140,135.3053,49.7136,138.9129
356.2599,137.9383,50.5396,140.0604
355.2791,139.9239,51.1976,141.9676
355.0253,142.7836,51.8815,140.7761
354.2177,144.5145,52.7593,140.1705
353.2728,145.9918,53.2224,139.7725
352.8647,148.3769,53.6412,139.1629
351.9929,149.5683,53.5759,138.3721
352.1410,150.5229,53.6885,137.4961
351.3996,153.6151,53.3118,135.3440
351.0510,156.5065,53.0213,134.2057
350.2181,158.8810,52.6713,134.1178
349.9491,161.4309,52.2795,133.6061
349.7659,162.1794,52.3117,133.3884
350.0327,164.0985,52.2517,132.7897
349.7870,165.9683,52.1084,132.3187
348.5212,167.7355,52.4900,131.9409
348.5733,168.0209,52.3984,131.2180
348.2024,168.4308,52.2031,131.9545
348.2739,168.9682,52.0852,132.0452
348.1170,170.0586,51.4924,131.6178
347.7798,170.7579,50.9670,133.0069
347.1876,171.6734,50.3361,134.4605
347.1057,172.5625,49.9467,134.8303
346.7644,172.0763,49.7005,134.9977
345.7664,173.6493,49.5141,135.0923
344.6993,172.1155,49.8026,134.7805
343.5733,170.7098,49.6229,134.3318
343.0425,171.0237,49.3337,136.0367
342.5314,171.4302,49.1144,134.8885
341.7113,171.8990,49.0645,136.2307
340.1531,172.4707,49.2793,137.5447
338.4839,173.8602,49.6068,137.7107
336.4974,175.8858,49.8182,138.7047
334.6959,176.0691,50.1346,138.4219
333.4681,175.7884,50.0917,138.4304
331.5965,177.9277,49.8923,136.7434
330.0473,177.8185,49.9956,135.9594
328.0555,179.6021,50.1218,135.8909
327.2636,179.3473,49.5433,135.0725
326.8087,181.7825,48.7893,133.8623
325.3113,184.6822,48.0661,132.6485
324.0688,184.5542,47.5211,132.3127
321.9601,186.7837,47.4357,131.8368
320.4359,188.0490,47.6934,132.2104
318.5215,188.6967,47.9706,131.7134
316.1354,189.1722,47.6573,130.1846
314.8994,189.0938,47.6270,129.8026
312.5882,189.7042,47.6832,129.2323
309.9960,191.4770,47.7744,129.1249
307.9183,191.1221,47.8885,128.6776
305.7305,194.7766,48.0834,128.5270
303.0864,194.9705,47.8813,127.0374
300.8573,194.9216,47.8243,126.3352
298.4170,194.9077,47.2766,126.2122
295.6609,194.1268,47.6692,126.2259
293.2763,194.3676,47.5229,126.8024
291.2777,193.3632,47.7930,127.2549
288.6553,194.8686,47.9165,128.2309
286.1746,196.0396,47.8494,127.5549
284.1074,195.3322,47.2263,129.6282
281.6699,194.6845,46.9604,131.8771
279.8825,194.2050,46.6981,132.0568
277.7945,193.9770,46.1559,133.2071
276.0982,193.8800,46.0302,133.0580
273.8506,193.9269,45.6666,133.4620
271.4914,193.5997,44.8489,133.7346
269.6100,196.0213,44.3348,132.0171
267.1647,196.4407,43.8827,131.7000
265.4521,196.9584,43.8085,131.3687
262.7854,197.2335,43.4035,130.8434
260.9682,197.5555,42.8265,129.8954
257.5216,197.9296,43.0807,130.0814
255.1201,198.8499,43.0140,129.6553
252.9490,199.5467,42.7757,128.9413
249.4659,199.7576,43.4543,129.6026
247.7934,199.8239,43.0261,129.4883
245.6762,199.7283,42.6270,129.5720
242.5272,201.1541,42.4818,129.5876
241.2650,202.0187,42.1852,129.7020
238.5491,202.2073,41.9527,129.5662
235.4970,203.1531,42.1110,129.5065
233.1134,204.5167,42.2953,127.9934
231.3756,204.8121,42.8756,126.4298
